%YAML:1.0
image_width: 840
image_height: 600


k1 : -0.01861242069171479

k2 :  -0.03773549359739357

p1 : 0.008031594821392148

p2 : 0.00029710272574847004

k3 : 0.0

fx : 632.7886830663923

fy : 627.7478020792129

cx : 311.29958944613

cy : 262.79688227731583