%YAML:1.0
image_width: 840
image_height: 600

k1 : -0.0047962619803835855

k2 : -0.04433417463703423

p1 : 0.00472378463167032

p2 : -0.003345211095636869

k3 : 0.0

fx : 633.8107495918862

fy : 630.3687059235302

cx : 295.4233084577633

cy : 262.78181898094925
